896
742 847
130 457
545 748
784 3
194 193
807 208
151 28
363 157
181 647
815 660
277 411
303 22
148 877
311 627
26 17
598 323
592 380
266 444
549 147
71 43
9 21
791 189
563 483
350 21
28 48
735 296
376 301
256 642
706 813
116 216
239 333
202 187
64 32
390 392
63 68
136 231
13 262
746 587
722 23
544 707
588 189
559 194
523 306
529 81
540 417
212 849
340 294
278 10
268 828
128 335
236 422
564 23
32 780
670 190
55 373
276 688
33 44
818 891
575 269
892 746
73 207
23 54
247 596
585 214
478 542
148 581
632 402
829 159
393 458
305 410
599 567
346 198
205 308
659 578
771 382
229 44
172 73
173 757
477 206
639 340
546 462
124 254
809 737
494 411
2 10
862 880
296 53
866 539
438 506
66 222
486 385
526 364
86 43
851 571
638 346
38 5
372 167
571 563
528 712
34 35
821 141
36 33
41 96
87 248
547 652
415 538
538 864
647 648
509 589
265 824
435 405
73 56
428 123
133 339
238 86
817 6
1 157
141 161
666 377
36 615
170 374
409 655
13 12
584 309
132 81
428 718
150 297
338 225
491 789
309 297
792 224
269 159
511 533
442 573
148 253
869 281
886 617
39 349
508 600
786 237
83 106
601 475
61 6
387 28
176 235
20 70
336 572
64 223
331 216
43 47
552 761
193 324
664 622
18 20
405 478
194 803
511 859
184 854
163 867
658 782
595 335
2 1
329 55
421 111
394 186
890 115
77 676
60 361
427 64
681 35
841 637
97 133
66 354
102 166
474 270
239 174
759 105
879 380
97 33
164 275
193 286
124 243
497 377
576 32
240 498
482 159
470 257
263 47
45 13
11 177
324 541
593 490
184 723
60 186
12 55
138 150
370 57
74 516
102 143
52 174
82 19
16 4
290 686
547 671
260 426
3 167
356 369
116 252
423 438
401 92
128 282
17 10
342 75
72 83
34 46
92 412
232 202
40 136
620 213
358 297
819 652
52 230
69 672
207 742
624 12
79 52
88 36
195 121
85 37
156 271
818 364
227 328
888 857
20 758
198 65
113 162
472 194
590 482
621 36
860 396
311 139
201 197
69 179
66 77
838 662
33 8
126 525
586 38
203 578
653 693
71 76
192 505
861 291
752 153
334 465
832 595
249 21
334 28
427 726
719 532
185 179
485 172
773 476
255 218
464 330
40 168
75 58
93 683
31 69
549 560
8 705
761 762
301 76
316 743
774 336
451 643
78 205
547 244
666 695
894 422
200 186
125 165
344 799
102 152
610 660
197 257
400 527
881 200
259 397
852 138
635 128
14 11
475 10
830 142
885 13
5 1
138 24
699 235
659 783
81 691
297 713
108 116
473 310
597 162
342 490
568 181
72 24
138 550
507 16
81 75
367 74
667 272
71 433
231 450
768 338
675 320
363 569
191 110
407 186
543 856
108 160
3 41
85 295
101 480
109 129
24 53
731 410
612 506
65 33
205 322
10 775
842 661
812 74
17 745
738 327
422 442
175 155
263 323
250 101
228 103
305 561
163 219
432 154
80 579
429 511
215 194
454 315
549 594
351 202
532 295
526 717
114 62
104 93
212 423
203 16
500 38
31 747
716 396
398 151
306 112
276 582
518 565
355 754
766 278
769 873
506 611
448 203
55 658
276 124
30 67
739 346
5 669
521 46
95 163
77 95
356 170
318 750
739 870
333 753
102 29
630 721
106 121
135 489
287 307
203 644
442 496
84 188
613 60
84 66
490 795
378 273
173 112
644 804
887 227
78 105
668 621
156 740
105 674
2 4
587 54
199 133
535 677
765 649
345 788
349 858
33 279
182 151
554 434
640 155
349 558
39 59
763 689
8 100
30 6
155 5
336 115
292 661
217 630
69 294
31 101
460 875
52 318
489 734
172 385
221 32
36 39
192 143
20 94
499 636
241 62
244 1
156 289
433 436
169 197
634 168
329 493
88 445
512 443
462 32
83 484
645 559
462 764
109 298
317 618
10 43
814 97
820 649
451 124
389 240
55 495
827 839
720 487
154 234
154 251
577 353
151 395
45 89
115 178
40 158
197 447
12 37
470 566
3 156
93 287
277 221
515 685
824 837
231 400
528 863
418 83
26 603
113 49
361 416
251 379
176 692
456 177
580 487
393 109
431 284
335 857
609 250
273 103
145 110
236 82
374 455
71 78
223 865
209 13
196 772
229 359
631 74
855 350
12 142
741 811
270 605
127 22
54 833
80 48
805 770
41 131
816 537
171 149
341 150
6 50
220 678
208 43
109 368
198 553
604 524
106 519
845 243
217 64
37 391
522 574
364 49
195 299
70 233
188 430
616 260
54 434
556 351
174 810
425 393
488 65
230 848
110 4
22 362
708 781
128 268
777 24
104 126
209 210
141 97
524 567
687 426
544 96
123 84
264 136
2 11
316 296
651 469
46 87
778 666
819 826
187 302
320 56
424 468
626 99
443 428
246 223
102 181
359 663
58 756
106 300
38 802
370 499
539 352
174 347
93 31
535 378
556 793
133 305
109 314
236 284
220 327
365 191
413 345
481 417
328 629
633 133
206 352
649 97
33 265
441 8
703 195
337 59
628 416
417 467
284 420
284 602
402 275
112 84
95 122
831 60
555 255
534 697
762 871
315 22
49 45
332 297
9 280
38 245
485 513
399 89
130 105
514 570
164 87
440 425
699 874
109 18
531 358
258 382
266 653
457 733
471 502
58 310
517 292
840 302
446 545
199 449
66 614
227 469
115 137
237 325
325 437
182 319
404 107
568 617
70 119
72 124
806 337
2 9
11 29
192 261
44 551
409 209
429 744
836 80
19 292
796 690
159 127
5 12
120 760
315 690
243 476
420 641
260 160
290 57
288 61
28 91
381 326
106 135
353 325
66 149
895 222
732 338
172 452
767 800
48 461
84 103
213 120
90 70
60 134
140 415
404 460
40 39
541 825
357 164
437 520
403 75
22 19
242 145
33 92
883 824
724 493
665 655
42 487
405 44
366 776
876 661
5 66
266 209
416 729
379 650
487 503
99 3
654 337
86 769
334 552
298 534
235 701
287 741
193 304
637 710
190 313
751 414
291 216
525 882
223 657
391 872
322 479
785 272
787 15
704 602
194 622
823 608
263 380
258 156
178 225
779 28
889 663
455 801
153 20
18 8
163 790
388 268
169 142
2 3
725 697
827 606
138 610
670 755
406 5
267 146
254 711
583 737
702 650
62 60
846 218
212 28
522 394
34 29
350 619
98 148
794 372
312 536
698 213
56 11
104 128
45 144
504 44
843 410
591 572
396 174
237 50
171 656
417 52
106 170
700 6
81 111
662 128
453 191
538 709
4 31
516 562
58 384
682 179
397 797
98 73
608 339
146 43
272 844
345 149
607 594
224 129
162 408
16 326
339 366
158 256
451 466
32 29
730 361
337 728
689 715
555 835
736 372
48 283
188 537
623 609
247 201
91 190
770 227
107 862
92 281
132 501
1 884
868 824
25 21
7 5
150 154
107 40
118 26
40 798
184 89
673 381
2 23
193 88
298 429
708 353
231 896
514 75
464 689
544 878
113 206
637 99
23 24
483 158
285 193
31 120
463 217
179 491
214 55
140 112
123 383
467 714
395 492
834 692
21 606
441 583
327 344
27 52
50 204