1 4
33 4
39 4
101 4
136 4
148 4
155 6
156 4
164 4
164 6
165 4
166 4
168 6
169 4
171 4
184 4
185 4
212 4
215 4
228 4
254 4
268 4
270 10
271 8
272 6
273 4
285 4
329 4
332 4
341 4
343 4
362 4
363 6
364 4
374 4
378 6
379 4
384 4
391 6
392 4
397 4
404 6
405 4
424 4
445 4
447 12
448 10
449 8
450 6
451 4
501 4
509 4
535 4
580 6
581 4
591 4
642 4
650 4
666 4
669 4
748 6
749 4
769 4
770 4
826 6
827 4
829 12
830 10
831 8
832 4
832 6
833 4
834 4
858 4
881 4
901 4